1 0
12 0
42 1
12 0
2 0
12 0
5 0
46 0
12 0
42 2
12 0
2 0
12 0
5 0
46 0
12 0
42 3
12 0
2 0
12 0
5 0
32 0
42 1
12 0
25 0
12 0
43 4
12 0
11 0
12 0
42 1
32 0
9 0
15 0
12 0
42 1
12 0
24 0
12 0
42 3
12 0
16 0
9 0
42 1
12 0
11 0
12 0
42 5
46 0
12 0
42 3
12 0
11 0
12 0
42 6
32 0
10 0
44 0
9 0
42 3
12 0
11 0
12 0
42 5
46 0
12 0
42 1
12 0
11 0
12 0
42 6
32 0
10 0
15 0
12 0
42 2
12 0
24 0
12 0
42 5
12 0
16 0
42 2
12 0
11 0
12 0
42 5
32 0
44 0
12 0
15 0
12 0
42 2
12 0
19 0
12 0
42 6
12 0
16 0
12 0
42 2
12 0
11 0
12 0
42 6
32 0
14 0
12 0
33 0
12 0
46 0
12 0
12 0
34 0
12 0
32 0
